3903
779
778
837
710
836
920
796
891
1095
989
725
863
774
1101
792
809
840
679
1087
829
885
765
761
1708
1288
2437
805
855
1396
1639
1096
857
641
862
800
782
1045
650
960
610
754
799
671
1282
821
937
862
770
1084
1485
787
1068
792
751
926
783
699
660
1615
771
4198
1703
1619
1957
869
807
692
751
758
796
1159
811
1143
941
668
985
664
1050
1212
745
728
790
717
828
759
687
722
699
863
727
685
733
848
965
773
1304
717
816
950
1119
2973
1176
6616
6533
2428
1583
847
1766
746
714
981
857
1032
596
1703
901
866
615
489
1091
1739
1565
986
611
621
781
658
576
581
617
707
708
1925
1706
1016
697
861
1034
816
666
700
629
737
1081
1600
1147
587
995
1440
778
803
795
1557
1041
1098
1459
1010
1074
879
641
656
719
699
826
1072
970
604
654
2388
1750
932
973
993
1232
3140
8569
877
2805
1485
579
1052
842
664
1119
939
907
1393
1630
584
934
922
526
671
469
675
1523
618
623
486
541
689
522
595
464
567
483
550
735
593
694
714
831
2150
1674
1610
2076
1526
1577
2074
2351
1757
2224
2332
2235
1969
